
Research-accessible providers by region and substantive domain
===================================================================================================================================================================================================================================================================================================================================================================================================================================================
     consumer_behavior public_opinion health_clinical financial_transactions credit_risk labor_employment earth_observation mobility_location web_content social_discourse media_audience agriculture energy_extractives environment_climate conflict_security firmographic prices_retail identity_biometric device_telemetry education migration_displacement supply_chain ai_labels legal_regulatory housing_property infrastructure biodiversity
---------------------------------------------------------------------------------------------------------------------------------------------------------------------------------------------------------------------------------------------------------------------------------------------------------------------------------------------------------------------------------------------------------------------------------------------------
NOAM         5               26             34                  0                 0             8                 4                 8              3             11              4             8              2                  23                 14              7             5               0                 5             8               1                 3           7            3                3               5             4      
LAC          2               7              10                  0                 0             6                 4                 1              2             4               3             7              2                  15                 11              5             3               0                 1             4               2                 3           1            3                1               5             1      
WEU          4               19             19                  0                 0             10                4                 9              2             10              5             5              2                  21                 14              7             4               0                 3             7               5                 4           3            3                3               5             4      
EEU          2               8               9                  0                 0             4                 4                 1              2             4               3             5              2                  13                 11              7             3               0                 0             2               5                 3           2            3                1               5             1      
RUS          1               5               4                  0                 0             2                 3                 0              1             3               1             5              2                  12                 10              1             0               0                 0             0               2                 3           1            1                1               3             1      
MENA         3               21             15                  0                 0             11                5                 1              3             5               4             5              2                  15                 17              4             3               0                 0             3               5                 3           3            2                1               7             1      
SSA          1               58             42                  0                 0             55                7                 2              1             9               2            12              2                  25                 14              4             6               2                 0            24               16                3           8            1                4               12            2      
SAS          2               8              16                  0                 0             7                 4                 1              3             5               3            10              2                  14                 11              6             3               0                 0             8               3                 3           5            2                1               6             1      
SEA          2               7              12                  0                 0             6                 4                 0              2             4               3             7              2                  14                 10              5             3               0                 0             4               1                 3           2            3                1               5             1      
EAS          2               4               8                  0                 0             4                 4                 0              2             4               3             5              2                  13                  9              7             3               0                 0             1               0                 3           1            3                1               5             1      
CHN          0               1               4                  0                 0             1                 3                 0              1             1               1             5              2                  11                  5              1             0               0                 0             0               0                 3           1            1                1               1             1      
OCE          3               4               7                  0                 0             4                 4                 1              2             3               2             5              2                  17                  9              7             3               0                 1             1               0                 3           2            3                1               5             2      
---------------------------------------------------------------------------------------------------------------------------------------------------------------------------------------------------------------------------------------------------------------------------------------------------------------------------------------------------------------------------------------------------------------------------------------------------
