
Provider density by region
===============================================================================================
     any_presence substantial headquartered primary_collection research_accessible access_ratio
-----------------------------------------------------------------------------------------------
NOAM     286          271          187              97                 60             0.220    
LAC      243          166          14               53                 33             0.200    
WEU      262          231          80               82                 48             0.210    
EEU      242          158          16               48                 37             0.230    
RUS      166          103          17               23                 26             0.250    
MENA     272          183          57               75                 38             0.210    
SSA      263          173          59               70                 49             0.280    
SAS      254          196          16               76                 38             0.190    
SEA      248          169          11               58                 33             0.200    
EAS      233          155          15               40                 31             0.200    
CHN      180          94           23               13                 19             0.200    
OCE      228          154           6               28                 31             0.200    
-----------------------------------------------------------------------------------------------
