
Number of providers by region and substantive domain
===================================================================================================================================================================================================================================================================================================================================================================================================================================================
     consumer_behavior public_opinion health_clinical financial_transactions credit_risk labor_employment earth_observation mobility_location web_content social_discourse media_audience agriculture energy_extractives environment_climate conflict_security firmographic prices_retail identity_biometric device_telemetry education migration_displacement supply_chain ai_labels legal_regulatory housing_property infrastructure biodiversity
---------------------------------------------------------------------------------------------------------------------------------------------------------------------------------------------------------------------------------------------------------------------------------------------------------------------------------------------------------------------------------------------------------------------------------------------------
NOAM        69               26             40                  7                10             20               29                19             29             14              24           31              14                 49                 30              30           30               14                14           10               1                 19         32            5                15              13            5      
LAC         33               31             20                  0                 7             11               28                 6             24             12              14           30              13                 38                 30              11           18               10                3            10               3                 18          9            3                8               11            3      
WEU         58               24             24                  1                 9             16               29                18             27             13              21           29              14                 46                 29              28           26               11                13            7               4                 18         21            4                11              12            5      
EEU         25               26             17                  0                 3             11               28                 4             22             12              11           26              13                 37                 30              17           17               8                 2             7               6                 16         15            2                7               11            3      
RUS         19               19              5                  1                 1             4                28                 2              9             9               9            22              13                 36                 27              5             5               1                 0             1               2                 14          2            1                7               10            3      
MENA        45               51             17                  1                 3             6                30                 4             20             17              20           30              14                 38                 38              13           16               9                 2             9               8                 18         11            2                8               15            3      
SSA         28               38             37                  1                 6             11               36                 3              9             12              12           47              14                 43                 33              7            11               8                 1            23               7                 15         14            1                9               18            3      
SAS         37               25             34                  1                 5             18               29                 6             25             12              15           32              13                 37                 30              24           20               12                2            15               5                 18         30            3                7               12            3      
SEA         35               25             22                  1                 3             10               28                 6             24             12              15           30              13                 37                 30              12           18               13                2            10               2                 18         15            2                7               11            3      
EAS         36               20             15                  1                 2             10               28                 6             22             12              14           23              13                 36                 26              22           18               8                 2             3               0                 16          6            3                7               10            3      
CHN         17               8               5                  1                 4             2                28                 2              8             2               7            22              14                 34                 19              8             8               7                 2             0               0                 14          5            3                7               9             3      
OCE         29               18             14                  0                 8             11               29                 7             22             11              15           29              13                 44                 25              18           16               7                 6             6               1                 16          5            3                11              12            3      
---------------------------------------------------------------------------------------------------------------------------------------------------------------------------------------------------------------------------------------------------------------------------------------------------------------------------------------------------------------------------------------------------------------------------------------------------
