
Microdata disclosure: all operating organisations against for-profits only
=============================================
     all_n all_acc all_pct fp_n fp_acc fp_pct
---------------------------------------------
NOAM  255    71    27.800  223    43   19.300
WEU   156    32    20.500  137    16   11.700
SSA   167    91    54.500   86    22   25.600
MENA  109    23    21.100   81    5    6.200 
SAS   16      1     6.200   14    0      0   
SEA   11      1     9.100   9     0      0   
LAC   14      1     7.100   13    0      0   
EEU   16      5    31.200   12    2    16.700
OCE    6      0       0     5     0      0   
EAS   15      1     6.700   14    0      0   
CHN   23      1     4.300   23    1    4.300 
RUS   17      2    11.800   13    0      0   
---------------------------------------------
